"gender","race","parentBMI","baselineBMI","month4BMI","A1","y"
"1",0,1,31.5968318483271,35.8400505844913,34.2271672895923,0,4.50022605603388
"2",1,0,30.1756356785969,37.3039586910681,36.3801392190163,0,2.47646497708832
"3",1,0,30.2791805720788,36.8388927397088,34.421682452915,1,6.56157149964574
"4",1,0,27.4925639536086,36.7067888904164,32.5201128080583,0,11.4057268666483
"5",1,1,26.4235030578742,34.8420684530105,33.7292175260162,0,3.19398639749284
"6",0,0,29.3097028602197,36.6864014984657,32.0662173146644,1,12.593724091458
"7",0,1,25.9004953839248,35.4263102497953,32.5406385623511,0,8.14556093224774
"8",1,1,30.0710683521509,37.0590606128652,33.4341093771711,0,9.78155186814339
"9",1,1,28.5212636233082,35.3685987689465,34.8790921354446,0,1.38401477734448
"10",0,0,26.0243965306649,33.0647219027641,30.8689806898838,0,6.64073697440275
"11",0,1,26.0772008193802,32.3399962522145,28.6769590165426,0,11.326647062988
"12",0,1,27.0385487527352,35.905040022087,31.9329726309788,0,11.0627014721743
"13",1,1,29.7094883087714,33.5667345569686,32.6801990486775,0,2.64111335222821
"14",0,0,28.9224737238368,35.4242788132674,30.5578026838953,1,13.7376858256588
"15",0,1,28.6124334522678,31.311018045386,27.7391493181573,1,11.4077054985922
"16",1,1,29.8454867797679,33.8824855265834,33.2884400911898,1,1.75325223684528
"17",0,0,30.8235566613149,35.6965470728487,36.9320146604067,0,-3.46102827547069
"18",0,0,29.8897997360069,37.3867841753117,34.8710949532057,0,6.72881949490386
"19",1,1,25.4103503739197,34.5396645991215,27.7516613818785,1,19.6527768755915
"20",1,0,29.2735979126957,36.416601538563,37.5394625355437,1,-3.08337667311338
"21",0,0,28.8625257690046,36.6697176380486,34.9909536660363,0,4.57806626323846
"22",1,1,29.1552848851867,36.0759564002357,34.0357154162497,0,5.65540373026026
"23",0,0,27.9438104485535,40.2399647794254,37.3023021365365,0,7.30036087007443
"24",1,1,26.2340890143842,33.3079403916821,29.1601612762925,1,12.4528237609835
"25",1,0,32.6055349572872,32.721452885721,31.1826417060773,1,4.70275933351116
"26",0,1,27.5568200625244,37.8579133577677,36.4995022085538,0,3.58818283611286
"27",1,1,27.7050244363249,35.3993874451954,32.4875807648133,1,8.22558493389214
"28",0,1,29.3486159074754,38.2176404800547,34.8982342223694,1,8.68553426111602
"29",1,1,28.2271528648959,34.0154393143722,31.6747962084903,1,6.88111972992492
"30",1,1,33.2495826635327,33.3169007877039,30.9174035045269,0,7.20204228618579
"31",1,0,26.2089430304968,31.6962413671513,27.4545547258918,1,13.3823016809034
"32",1,0,27.5926160232334,35.6861806748892,31.5547111964986,0,11.5772251338113
"33",0,1,28.6280601397405,35.4116245198845,31.4178874683776,1,11.2780396427854
"34",0,0,29.275532855513,34.3681064263761,31.5967067015386,1,8.06387087625685
"35",1,1,32.5660822580474,36.7452126663768,35.445161083532,0,3.53801621628495
"36",1,1,30.6696527273157,36.8062514400708,35.8432970526047,1,2.61627943566603
"37",1,0,27.9293929897221,34.4759304009627,29.3151142091988,1,14.9693311587025
"38",1,1,28.5569747650387,33.9217625289354,29.8742244067968,1,11.9319805941276
"39",0,0,32.9899357535859,34.1897301838816,36.6496921468178,1,-7.19503181132422
"40",0,0,25.8017815037268,31.7038023432634,28.8895741875894,0,8.87662661154581
"41",0,0,29.2332750441281,31.2494098064287,31.1965200143016,1,0.169250531305138
"42",1,1,27.3144160242306,33.6813922291418,34.7546408642237,0,-3.18647349189238
"43",1,1,28.6133024071739,36.27341361175,31.0473631672634,1,14.407385255833
"44",0,1,27.2563028903991,37.9444117880157,31.7494186451982,1,16.3264967116294
"45",1,1,29.2939730413347,38.9251399558777,33.6234439976395,1,13.6202360845658
"46",1,1,31.2875823333514,39.3640897787705,33.9099646560853,1,13.8555855180136
"47",0,1,28.4472865276752,32.9410378647426,29.2220099336174,1,11.289953723971
"48",1,0,24.5871158770569,32.5205605152126,28.9650168429944,0,10.9332176810267
"49",0,1,24.8765099941707,34.774893146581,32.0265454361585,0,7.90325278308645
"50",0,0,30.4226366070002,34.6804642879754,32.2015690710072,0,7.14781439021188
"51",0,0,28.7128350810937,41.1372234694825,34.5661215351464,0,15.9736155727935
"52",1,0,31.1154382932201,37.1465827049241,36.4399766682587,1,1.90221006943859
"53",1,1,29.0820645671288,34.9536058940755,32.8028487054033,0,6.15317685731745
"54",1,1,29.4153870516944,31.8556402898036,27.4596195719644,0,13.7998190519695
"55",0,0,31.1704456652138,39.6102346141751,37.4508558978961,1,5.45156759941592
"56",0,0,28.0849585751793,36.5597857879862,30.1512871187562,0,17.5288189772049
"57",0,0,26.7682728790888,36.9507477769156,31.7505378834281,0,14.0733549558536
"58",1,1,30.2732850445308,35.5963279658644,37.2724429366209,1,-4.70867380580333
"59",0,1,31.751889473,37.076855463549,31.5697901332137,0,14.8531078525508
"60",1,0,27.5077447296646,37.3745973045164,32.2370004294823,1,13.7462267035938
"61",1,1,29.4668826560683,36.5775366688182,31.5194141541082,0,13.8284941397433
"62",0,0,32.4009075918896,35.1591236089033,32.5172784360539,1,7.51396764673739
"63",1,1,28.3951711089974,36.4071200830396,30.1885898494531,1,17.0805332017553
"64",1,1,30.729557882399,34.5927869653427,29.1491202357583,0,15.7364213962819
"65",0,1,26.0788688597458,38.8477286856288,36.1367169736311,1,6.97855911715271
"66",0,0,30.0826645818561,39.1939904063974,37.3329568804682,0,4.74826244184983
"67",1,0,29.0767749564888,33.7101105997601,30.4708531854125,1,9.60915688710511
"68",0,0,31.5479592435817,37.7986607382182,38.6916382339441,1,-2.36245802969153
"69",0,0,29.8845199722753,33.7221316230908,30.4125996919923,0,9.81412435040834
"70",1,1,28.9048903961073,37.4880626230247,31.4759370601202,0,16.0374400335427
"71",0,1,25.2137363117863,34.9420465760116,32.0586510390259,0,8.25193661943434
"72",0,0,33.9449659264947,40.1874615080188,36.5307517341681,0,9.09913101408771
"73",0,0,30.0175422421505,35.8728975262065,30.9934541970144,0,13.6020329153158
"74",1,1,25.1917645432234,39.4484910345293,29.5147893579959,1,25.1814490643975
"75",1,1,29.7998771302675,39.0977574070384,38.5975713016859,0,1.27932172719056
"76",0,1,30.5413498327413,36.9755664079899,34.9958916726865,1,5.35400786957418
"77",0,1,31.0618877453117,36.4395081931457,35.3258533805118,0,3.05617410292979
"78",0,1,29.6532924385687,36.2220927498324,35.6456755181214,1,1.59134160384387
"79",1,0,29.1915078743245,35.2161069087819,33.8250328920841,1,3.95010731964499
"80",1,0,29.7711151806851,34.7655300066151,33.4173716804165,1,3.87785926445556
"81",0,1,30.1807252497815,33.4636163180805,30.6354920142259,1,8.45134093390424
"82",0,1,27.4056152938221,35.669559388649,31.8010480255982,1,10.8454139309662
"83",1,1,28.4086048361403,36.4651915000965,30.6794863429393,1,15.8663780968815
"84",0,1,29.7403095664926,38.8681576367012,35.9566897015319,1,7.49062500564768
"85",1,0,29.0489681895652,38.5629106660422,30.7328680448161,1,20.3045944561469
"86",1,1,28.3557368190232,36.3306991074564,34.7791153983364,1,4.27072351272633
"87",0,1,24.8548598808231,34.6042086512075,31.9387859655615,0,7.7025968503198
"88",0,0,28.8106800763928,37.4618996653082,32.0350769210617,1,14.4862454726823
"89",0,0,27.8862979273306,37.1144602832931,30.8099664547763,1,16.9866240284646
"90",0,1,28.7213307384893,34.8448175718331,36.3279781224586,1,-4.2564738574623
"91",1,0,25.6481644227204,36.3626679216744,29.7698435892032,1,18.1307497752151
"92",1,0,28.0602556220042,41.0038806255628,38.5173545187535,0,6.06412385577755
"93",0,1,26.8388175051607,36.5587360311556,29.0279152419076,1,20.599237300847
"94",0,0,25.3459516361351,36.274379931599,34.9850674673434,0,3.55433357285997
"95",0,0,27.8043085029699,34.7602537758574,32.8225708438659,1,5.57442113192313
"96",1,0,29.7872095848364,35.2059828146951,34.0760812731361,0,3.20940207096669
"97",0,1,29.5177647121541,36.7820720500468,34.9263938889012,0,5.04506151426354
"98",1,0,29.2125591842254,31.1457955106628,29.0578429797128,0,6.70380222022324
"99",0,0,26.0580819244269,40.439759798817,40.6122461482252,0,-0.426526641766178
"100",1,0,29.0259342817049,34.3689476739489,30.9160199895162,1,10.0466494266566
"101",0,0,28.8518675178746,37.018238452232,32.2530338270546,0,12.872586120829
"102",1,0,30.4606018904983,35.8735485455039,33.7185027204589,0,6.00733942534686
"103",1,0,32.2642513833078,34.6324792086546,32.0742450232724,0,7.38680638475026
"104",0,1,28.1035024975379,37.8310314618707,34.5389599084617,0,8.70204016701746
"105",1,1,28.7304266795524,36.2908925706439,32.7626039912326,1,9.72224249525725
"106",1,0,41.51321172294,43.2659336239479,38.2825077365322,0,11.5181286291655
"107",0,0,41.3492306933484,40.8182158096921,40.9065946217219,1,-0.216518067428163
"108",0,0,38.6221422747027,44.4952202078272,44.9322212747473,1,-0.982130361146574
"109",1,1,38.7783320814866,42.4023408395103,40.1214971817719,0,5.37905128014329
"110",1,1,38.8515961403114,45.2832668333708,38.701863565617,0,14.5338526303136
"111",0,0,32.5320635576317,40.1562163609003,36.6189670896444,1,8.80872151764798
"112",0,0,42.7694642791476,41.5248484436131,42.749387816194,1,-2.94893158789902
"113",1,0,41.2770759077081,36.2722618925427,38.9777152722871,1,-7.45873909865163
"114",1,0,36.9527134424169,45.271843069743,38.1788074555863,0,15.6676537406034
"115",0,0,40.7874142343349,43.5650755579936,39.014746601005,1,10.4449008723312
"116",0,1,45.5697696582316,36.2415486396726,32.8540210697918,0,9.34708282905044
"117",0,1,39.4431984681516,44.0224942844041,39.7894250324293,1,9.61569606807684
"118",0,0,39.3964081798467,33.7539709933501,33.0250910131303,0,2.15939031399713
"119",1,0,34.5258553715863,39.2045369330491,37.7786768715477,0,3.63697717929021
"120",1,0,41.6306745886718,39.3748716030813,36.5338293545839,0,7.2153689214191
"121",1,1,50.8333555350427,34.6925279989344,40.6578429955857,1,-17.194812084131
"122",0,1,35.584945250856,36.725477854328,35.7829672308693,0,2.56636721568926
"123",1,1,32.8714562690236,43.8294553855262,40.2613964641224,0,8.14077859288684
"124",0,0,38.7137867379175,38.3950852093819,41.0608328596042,1,-6.94293979472904
"125",0,0,35.7171343910827,42.7163887700083,36.4532335061719,0,14.6621834012192
"126",0,0,36.0091476999245,44.6853922172683,37.7404158606965,0,15.5419389021005
"127",1,1,35.1312909117106,41.9788559933223,40.0911120905818,1,4.49689220459172
"128",1,0,39.3250107424864,34.3820957497796,35.9247931782698,1,-4.48692086636426
"129",0,0,41.5632222807496,37.6073639253812,39.6378849934198,1,-5.39926454847372
"130",0,1,36.1280852789093,41.8199495671565,39.5778942650201,0,5.36120996161413
"131",0,1,34.9813924263611,36.2069858682801,34.8875117518059,0,3.64425285571796
"132",0,1,39.7150285714149,33.5429058396724,32.2669674751534,0,3.80389931217558
"133",1,1,42.182534914779,38.9293372412494,34.4906767614788,0,11.4018393178998
"134",1,1,40.2004486116071,40.2474720344567,37.6917714995886,0,6.34996536597407
"135",1,0,34.9192694032632,37.277330668132,32.4330237973549,0,12.9953158768379
"136",0,1,42.5387529455107,37.7766233525022,32.3537410183817,0,14.3551272000103
"137",0,1,36.0315157434716,42.2237970124812,39.4550210667492,0,6.55738266483605
"138",1,1,50.766755046636,36.4872428302646,44.998688543967,1,-23.3271824711362
"139",1,1,33.5525196631247,41.8446312991368,38.3114820813173,0,8.44349468050489
"140",1,1,37.5717403422607,44.5757868082459,44.1329050759904,1,0.993547762063447
"141",1,0,37.211108987751,36.986225786018,36.3005412244657,1,1.85389167718624
"142",0,1,39.4865966883862,49.828283726195,47.8833495868488,0,3.90327338993563
"143",0,1,32.8515086073487,52.5168125484269,43.5770671269525,1,17.0226352051181
"144",1,0,37.6301352770643,34.5868892401366,36.8089782155356,1,-6.42465692699639
"145",1,1,41.9693595463341,34.1374044823423,36.69154926317,0,-7.48195365042719
"146",0,1,35.7276601078795,44.533211863297,38.7689370362072,0,12.9437662048368
"147",1,1,36.1593499953863,42.4871070197343,37.8858065415445,0,10.8298747571884
"148",0,1,42.9688710343465,35.307587300295,28.7480405681649,0,18.5782921850208
"149",1,1,40.262406207356,37.9968583243768,32.9951468791674,0,13.1634868401753
"150",1,1,40.249350332998,45.3158738696634,38.4577524140755,0,15.134037744286
"151",0,1,38.2250638411105,43.0803978539683,41.7091780460491,0,3.18293209029149
"152",0,0,43.5368167432468,44.8982484489005,42.1932076689538,0,6.0248247390438
"153",1,1,38.2782746414832,40.1724855488821,37.8464509420279,0,5.79011872198913
"154",0,0,39.6737418779832,39.2043223715979,38.5997644795237,0,1.54206948495092
"155",1,1,46.693769740275,40.1159552259825,39.7605257189548,0,0.886005343822635
"156",1,0,32.6154321998616,37.852551821515,30.0045052766894,1,20.7332033566224
"157",0,0,33.8489385493448,42.7544547399696,37.1758994414128,1,13.0478925119857
"158",1,0,36.1647060066867,41.4867332964223,36.5624844473011,0,11.8694542998541
"159",1,1,34.4033025511868,40.4267443661591,37.7130278919206,1,6.71267626613566
"160",0,0,34.8335707862893,46.1660763510995,38.6624196789145,0,16.2536157829802
"161",0,1,36.7298617321768,45.2157334250825,43.700407557374,0,3.35132431329291
"162",1,1,32.1858079083204,42.8534685851277,38.0423135256079,0,11.2269909959856
"163",0,1,45.2435355385754,42.6599794229896,44.6227631725426,1,-4.60099553750663
"164",1,0,40.3533439244207,33.5251474014311,34.3910456265532,1,-2.58283197014412
"165",1,1,38.8934202059533,33.3127075700751,34.0799280134408,1,-2.30308641755346
"166",1,1,36.0305461939754,39.7386709252033,35.8034924544175,0,9.90264238628577
"167",1,1,31.1099613237619,41.4500973554668,41.0790203860584,0,0.8952378717621
"168",0,1,38.4186773544978,42.0882705808234,36.2259962609912,0,13.9285226951169
"169",1,0,32.5430617543702,45.6896626591482,41.2865428586226,0,9.63701534277794
"170",1,0,39.8211274965861,38.696090796288,39.5306335530241,1,-2.15665908251425
"171",0,1,37.9442100724629,39.0182962678748,38.1747601486159,1,2.16189890370332
"172",1,1,33.4204917870523,46.1804137369161,45.2431005618093,0,2.02967686787423
"173",0,0,32.1541893308589,42.0740343014,33.7942368085583,1,19.6791147564525
"174",0,1,49.4455537745882,40.1079230034456,37.7494596478659,0,5.88029291713034
"175",1,0,35.3744281926257,38.563724101622,39.46756711573,1,-2.3437648597584
"176",0,0,35.0414428016681,37.4077964109884,39.0563133098436,1,-4.4068805356601
"177",1,1,36.3618394379658,32.4499057641975,31.8017644494953,0,1.99735962073982
"178",1,1,41.8657677215711,36.1589556690969,38.693481441882,1,-7.00939981779182
"179",1,0,38.0167053836908,39.166109432022,38.7321613636159,1,1.1079682784405
"180",0,1,44.0498324514362,38.3985041751842,38.7527039885944,1,-0.922431279599443
"181",0,1,40.3571452658047,41.8487532842449,42.1516209423499,1,-0.723719667460257
"182",1,0,38.6522211207698,37.7337985103447,35.4799720946541,1,5.97296456934414
"183",0,1,37.1826333812221,37.0755655132475,37.6222029024969,1,-1.4743871918935
"184",1,0,34.1586764212114,45.3588797482337,34.4715858034143,1,24.002563566935
"185",1,0,33.3373369270565,38.0374729113047,35.3143719593842,0,7.15899544186385
"186",1,1,39.4564140934319,43.5608412489057,37.2829664744245,0,14.4117390630947
"187",0,1,34.8361263292668,39.818208084682,35.0256088401142,0,12.0362002086465
"188",1,1,37.5881241165712,44.7755166189701,37.6055159173779,0,16.0132171396421
"189",1,1,45.8167366252594,32.7519246498938,37.7858876160764,1,-15.3699760242912
"190",1,1,35.3382699281492,35.9283352626581,36.6080244988768,1,-1.89179162143126
"191",0,1,37.9671420253808,40.5945903893622,36.9320999135021,0,9.02211462347914
"192",1,0,42.5604788482187,41.9407370370566,39.5680072898543,1,5.65733917624262
"193",1,1,35.7384935445763,41.9606747737564,42.5472611461598,1,-1.39794313500951
"194",0,1,37.4337198370254,40.8176737479627,36.4542507793765,0,10.6900334289726
"195",0,0,43.7483119229769,39.2511567561251,39.2902188825874,1,-0.0995184083490976
"196",1,0,39.0583122460716,36.8153927549627,37.0187026722286,0,-0.552241608881089
"197",0,0,41.5928723226047,31.5332473225534,37.2651133316022,1,-18.177214513994
"198",0,1,43.3867518477068,41.9081712016805,46.9462971114782,1,-12.0218223924686
"199",1,0,33.9222447503285,34.8176199069624,37.9760711833422,1,-9.0714163829108
"200",1,1,43.5315659667319,40.9983591173484,41.2846064917195,1,-0.698192270455955
"201",0,0,35.7365142090536,35.403338953403,31.3363651599349,0,11.4875430219193
"202",1,0,39.8646141597294,44.3549807313049,38.4694875090339,0,13.2690695052363
"203",1,1,30.1709251485223,35.6134278206579,32.3941303525202,0,9.03956082056868
"204",1,1,42.7119057456991,41.5340942371826,42.0492259972291,1,-1.24026241454747
"205",0,1,36.5415242496024,39.276690281639,37.6444460737666,1,4.15575802382574
"206",0,1,32.167506322318,42.0617385528119,35.4228036950972,1,15.7837861347053
"207",1,0,36.1144994610154,41.7018056226816,41.5213311709604,0,0.432773710937437
"208",1,0,35.1327479111612,44.8564054332283,40.3986665898838,0,9.93779773544302
"209",1,1,35.3978518919441,44.4557603985458,38.30631093831,0,13.832739346051
"210",0,0,36.5089341695638,37.4961870327447,37.314466936152,1,0.484636201632998
